0.331756	0.011567	0.028917	0.099895	0.039958	0.038381	0.069926	0.027340	0.030494	0.028917	0.041535	0.104627	0.058885	0.019453	0.068349	
0.035676	0.024494	0.312034	0.093184	0.010117	0.027689	0.042066	0.016507	0.027689	0.013312	0.018104	0.128328	0.018104	0.216187	0.016507	
0.013468	0.019240	0.006253	0.042328	0.006253	0.004810	0.012025	0.032227	0.652718	0.009139	0.013468	0.117364	0.007696	0.030784	0.032227	
0.010005	0.008425	0.008425	0.074776	0.071617	0.446024	0.115850	0.022643	0.008425	0.077936	0.008425	0.030542	0.005266	0.032122	0.079516	
0.017681	0.011440	0.008320	0.028601	0.006760	0.036401	0.183047	0.030161	0.014561	0.023921	0.385855	0.030161	0.125325	0.028601	0.069163	
0.006813	0.008386	0.008386	0.030398	0.009958	0.006813	0.042977	0.296122	0.009958	0.008386	0.009958	0.024109	0.011530	0.046122	0.480084	
0.268047	0.062633	0.119958	0.078556	0.016454	0.021231	0.081741	0.053079	0.029193	0.019639	0.048301	0.051486	0.030786	0.049894	0.069002	
0.014862	0.010085	0.010085	0.209130	0.029193	0.005308	0.043524	0.027601	0.026008	0.021231	0.553079	0.008493	0.019639	0.010085	0.011677	
0.113588	0.006900	0.035563	0.111996	0.013270	0.018047	0.119958	0.029193	0.061040	0.274416	0.006900	0.054671	0.032378	0.013270	0.108811	
0.032670	0.029607	0.023481	0.116896	0.086269	0.009699	0.259316	0.025013	0.012762	0.198060	0.021950	0.011230	0.023481	0.012762	0.136804	
0.020331	0.316785	0.021749	0.068558	0.078487	0.033097	0.016076	0.023168	0.020331	0.071395	0.027423	0.176359	0.006147	0.031678	0.088416	
0.005160	0.036120	0.028380	0.070175	0.042312	0.194014	0.121259	0.067079	0.020640	0.053148	0.011352	0.014448	0.006708	0.132095	0.197110	
0.199292	0.055134	0.185635	0.026302	0.033890	0.077896	0.039960	0.011128	0.024785	0.102175	0.008093	0.042994	0.074861	0.087001	0.030855	
0.004975	0.025871	0.012438	0.012438	0.006468	0.010945	0.007960	0.013930	0.670647	0.018408	0.006468	0.143781	0.004975	0.037811	0.022886	
0.011299	0.022085	0.014381	0.015922	0.512070	0.059065	0.116076	0.037494	0.026708	0.091423	0.008218	0.020544	0.005136	0.008218	0.051361	
0.014629	0.157262	0.005225	0.113375	0.008359	0.009927	0.020899	0.147858	0.066353	0.064786	0.006792	0.072623	0.011494	0.208986	0.091432	
0.027254	0.022537	0.009958	0.066562	0.009958	0.033543	0.107442	0.041405	0.005241	0.024109	0.066562	0.011530	0.465933	0.005241	0.102725	
0.228238	0.013270	0.151805	0.062633	0.069002	0.032378	0.064225	0.038747	0.013270	0.154989	0.011677	0.037155	0.033970	0.040340	0.048301	
0.056860	0.034950	0.008346	0.039645	0.194575	0.009911	0.094418	0.056860	0.014606	0.321335	0.017736	0.058425	0.016171	0.011476	0.064684	
0.006308	0.016497	0.009219	0.009219	0.006308	0.006308	0.016497	0.202814	0.479379	0.007763	0.007763	0.202814	0.006308	0.013586	0.009219	
0.009942	0.020931	0.014652	0.028781	0.028781	0.554683	0.085296	0.005233	0.016222	0.016222	0.008373	0.055468	0.009942	0.130822	0.014652	
0.028793	0.035437	0.173311	0.133444	0.038760	0.020487	0.105205	0.033776	0.033776	0.068660	0.008859	0.115172	0.007198	0.105205	0.091916	
0.299894	0.026008	0.008493	0.172505	0.040340	0.041932	0.029193	0.049894	0.008493	0.059448	0.104034	0.032378	0.078556	0.013270	0.035563	
0.018005	0.041363	0.012165	0.041363	0.013625	0.004866	0.012165	0.067640	0.556691	0.009246	0.009246	0.159611	0.007786	0.015085	0.031144	
0.016299	0.019453	0.008412	0.011567	0.024185	0.021030	0.203996	0.016299	0.013144	0.049422	0.345952	0.033649	0.120400	0.050999	0.065195	
0.019271	0.005208	0.011458	0.033333	0.027083	0.034896	0.331771	0.023958	0.013021	0.070833	0.116146	0.027083	0.009896	0.020833	0.255208	
0.068949	0.308607	0.106039	0.007608	0.041845	0.030433	0.010461	0.021874	0.020447	0.009035	0.010461	0.331431	0.004755	0.019020	0.009035	
0.011549	0.065092	0.115486	0.156430	0.011549	0.009974	0.016273	0.038320	0.083990	0.008399	0.008399	0.209974	0.008399	0.145407	0.110761	
0.019423	0.072966	0.008399	0.038320	0.005249	0.006824	0.008399	0.450919	0.020997	0.006824	0.011549	0.153281	0.006824	0.115486	0.074541	
0.005089	0.037150	0.011196	0.009669	0.006616	0.009669	0.009669	0.034097	0.797455	0.006616	0.005089	0.034097	0.005089	0.014249	0.014249	
0.272681	0.012742	0.060143	0.128950	0.046381	0.026504	0.073904	0.032620	0.011213	0.069317	0.050968	0.034149	0.041794	0.014271	0.124363	
0.014337	0.048131	0.037378	0.230927	0.006656	0.014337	0.108039	0.172555	0.017409	0.046595	0.015873	0.046595	0.014337	0.055812	0.171019	
0.008269	0.019121	0.009819	0.014470	0.109044	0.574160	0.076486	0.005168	0.011370	0.068734	0.009819	0.028424	0.012920	0.023773	0.028424	
0.030303	0.025601	0.016196	0.063218	0.006792	0.041275	0.133751	0.036573	0.006792	0.025601	0.071055	0.013062	0.420585	0.019331	0.089864	
0.012077	0.313527	0.017874	0.039614	0.006280	0.006280	0.009179	0.026570	0.238164	0.004831	0.007729	0.254106	0.006280	0.029469	0.028019	
0.146586	0.068273	0.206827	0.051707	0.024598	0.054719	0.029116	0.023092	0.039659	0.096888	0.017068	0.078815	0.008032	0.108936	0.045683	
0.156138	0.009759	0.035953	0.032871	0.236261	0.236261	0.055984	0.051361	0.006677	0.012840	0.068310	0.039034	0.035953	0.012840	0.009759	
0.277102	0.071935	0.059777	0.078014	0.049139	0.032421	0.035461	0.020263	0.023303	0.049139	0.065856	0.053698	0.079534	0.064336	0.040020	
0.014359	0.043590	0.131282	0.011282	0.065128	0.017436	0.020513	0.072821	0.017436	0.012821	0.005128	0.082051	0.006667	0.466667	0.032821	
0.038038	0.008008	0.012513	0.048549	0.030531	0.012513	0.303804	0.015516	0.012513	0.090591	0.129630	0.023023	0.014014	0.008008	0.252753	
0.006956	0.108079	0.006956	0.056715	0.013376	0.016586	0.018192	0.217228	0.246121	0.006956	0.013376	0.204387	0.010166	0.059925	0.014981	
0.019301	0.013041	0.008346	0.033385	0.025561	0.031821	0.155451	0.008346	0.009911	0.546688	0.009911	0.061555	0.006781	0.039645	0.030256	
0.010265	0.154511	0.258239	0.078336	0.011885	0.008644	0.031334	0.101026	0.101026	0.044300	0.005402	0.063749	0.005402	0.070232	0.055646	
0.019515	0.011603	0.008439	0.158755	0.022679	0.025844	0.046414	0.029008	0.008439	0.008439	0.628692	0.008439	0.005274	0.011603	0.006857	
0.334388	0.014768	0.008439	0.087553	0.047996	0.049578	0.035338	0.032173	0.008439	0.100211	0.063819	0.035338	0.103376	0.027426	0.051160	
0.005216	0.042775	0.008346	0.009911	0.006781	0.011476	0.031821	0.171101	0.308816	0.011476	0.006781	0.336985	0.005216	0.023996	0.019301	
0.037378	0.006656	0.009729	0.017409	0.020481	0.022017	0.195597	0.025090	0.009729	0.032770	0.089606	0.015873	0.436764	0.038914	0.041987	
0.007663	0.405651	0.046456	0.019157	0.032088	0.010536	0.036398	0.066571	0.029215	0.010536	0.004789	0.282088	0.009100	0.032088	0.007663	
0.008520	0.045261	0.104366	0.267306	0.016507	0.008520	0.075612	0.099574	0.018104	0.149095	0.013312	0.011715	0.008520	0.030884	0.142705	
0.006944	0.026175	0.016560	0.061432	0.005342	0.006944	0.006944	0.417201	0.050214	0.005342	0.014957	0.244124	0.005342	0.120726	0.011752	
